13442089789
17669029616
18894117749
18721108831
15144064603
13569005293
18722967554
17000944057
13179078349
13124515035
17008477407
18516863832
14591735536
18249891197
18701095183
13463530619
15299426086
15578973640
17075443682
13200888066
18249211727
15379946185
18393631149
17194343074
15526394852
15937429259
15144389653
15381680329
13154092825
18243286716
17880911675
17012990385
15289287379
17013416007
17198214632
18651246812
18039682324
17071268938
15062615407
15597248763
15188807888
18007237192
18853285676
17079251660
15520212464
13391438996
17053801441
13960126780
18682573902
15560026111
18473991515
15528475841
18709197192
17195265201
18190251400
17084800309
13583026738
17015992974
18703345998
18487384517
18101467817
14513536934
15301370377
13906523751
17189882955
18766265236
15507830396
18485740848
15679913634
13519175779
17189916705
13092742324
15131048699
13778622865
15500434195
17014425330
17073518244
18532225106
18888600874
18439511328
13638542322
13285220512
17053698523
17814976838
17012219073
15944197244
17056362562
18439762731
17675972391
18893607002
15535062795
15877699025
13347502962
18414013482
17192233066
13910031193
13820934590
18480320821
15623152947
18845470555
13045836845
17050484049
13443515645
17076670968
15786451656
15698400340
17182814035
15167770073
13401245455
18573514097
15668116503
17096264163
18955662351
13369342759
15222815129
17055648826
13841587999
18234886319
15008608572
17868358681
17003789994
17085414905
15360246876
15289805857
13137566353
17662342712
15838552709
13224607206
18262570019
17080901313
13797102083
17190102521
17164755033
18285086810
13217185474
18725978103
18035450984
13924641420
13103103838
17139766842
18703060704
18955427573
15149063943
17189186440
13002554662
18361344828
18492719456
13834273838
15381345374
17849172913
17078763364
15539216454
17788221085
18936013920
17881172282
15225129693
17072162603
17051419568
17001207440
18733974710
13172922603
17099568096
14520218979
15704805638
18476029985
13477268166
18151470073
17091909406
13038855220
18993732085
15807213814
18514123931
17051297039
13326763445
13982086582
18910413952
17054446244
13895368960
13240987761
13239071229
18794806040
18263228995
14757595928
17084855651
18839550396
13960731520
15661597320
18595410843
17767679371
17017966919
15575898103
17013275720
17740324499
15732140307
13304732033
18513876556
15662106705
13815780556
18841582893
13603738849